(DEVICE FILE: TQFN40P500X500-41N)

PACKAGE 'TQFN40P500X500-41N'
CLASS IC
PINCOUNT 41

PINORDER 'TQFN40P500X500-41N' 8 9 10 11 12 13 E1 3 4 5 6 7 1 2 38 39 40 14 15 16 17 18 19 32 33 34,
      35 36 37 20 21 22 23 24 25 26 27 28 29 30 31
PINSWAP 'TQFN40P500X500-41N' 8 9 10 11 12 13 E1 3 4 5 6 7 1 2 38 39 40 14 15 16 17 18 19 32 33 34 35,
      36 37 20 21 22 23 24 25 26 27 28 29 30 31
FUNCTION 'TQFN40P500X500-41N' 'TQFN40P500X500-41N' 8 9 10 11 12 13 E1 3 4 5 6 7 1 2 38 39 40 14 15,
      16 17 18 19 32 33 34 35 36 37 20 21 22 23 24 25 26 27 28 29 30 31

PACKAGEPROP VALUE 'PS8407ATQFN40GTR2-A1'

END
