(DEVICE FILE: QFN76-9X9-4-77P)

PACKAGE 'QFN76-9X9-4-77P'
CLASS IC
PINCOUNT 77

PINORDER 'QFN76-9X9-4-77P' 14 15 16 17 18 21 22 23 24 25 77 20 19 6 7 8 9 10 11 12 13 1 2 3 4 5 71,
      72 73 74 75 76 26 27 28 29 30 31 32 33 34 62 63 64 65 66 67 68 69 70 35 36 37 38 40 41 42 43,
      44 39 45 46 47 48 49 50 51 52 53 54 55 56 57 58 59 60 61
PINSWAP 'QFN76-9X9-4-77P' 14 15 16 17 18 21 22 23 24 25 77 20 19 6 7 8 9 10 11 12 13 1 2 3 4 5 71 72,
      73 74 75 76 26 27 28 29 30 31 32 33 34 62 63 64 65 66 67 68 69 70 35 36 37 38 40 41 42 43 44,
      39 45 46 47 48 49 50 51 52 53 54 55 56 57 58 59 60 61
FUNCTION 'QFN76-9X9-4-77P' 'QFN76-9X9-4-77P' 14 15 16 17 18 21 22 23 24 25 77 20 19 6 7 8 9 10 11 12,
      13 1 2 3 4 5 71 72 73 74 75 76 26 27 28 29 30 31 32 33 34 62 63 64 65 66 67 68 69 70 35 36 37,
      38 40 41 42 43 44 39 45 46 47 48 49 50 51 52 53 54 55 56 57 58 59 60 61

PACKAGEPROP VALUE 'CX20705-21Z'

END
