(DEVICE FILE: FH12-36S-0_5SH)

PACKAGE 'FH12-36S-0_5SH'
CLASS DISCRETE
PINCOUNT 38

PINORDER 'FH12-36S-0_5SH' M1 1 2 3 4 5 6 7 8 9 10 11 12 13 14 15 16 17 18 19 20 21 22 23 24 25 26 27,
      28 29 30 31 32 M2 33 34 35 36
PINSWAP 'FH12-36S-0_5SH' M1 1 2 3 4 5 6 7 8 9 10 11 12 13 14 15 16 17 18 19 20 21 22 23 24 25 26 27,
      28 29 30 31 32 M2 33 34 35 36
FUNCTION 'FH12-36S-0_5SH' 'FH12-36S-0_5SH' M1 1 2 3 4 5 6 7 8 9 10 11 12 13 14 15 16 17 18 19 20 21,
      22 23 24 25 26 27 28 29 30 31 32 M2 33 34 35 36

PACKAGEPROP VALUE 'FH12-36S-0.5SH(55)'

END
